<?xml version="1.0"?>
<opencv_storage>
<calibration_error>7.1033908102902843e-01</calibration_error>
<camera_matrix type_id="opencv-matrix">
  <rows>3</rows>
  <cols>3</cols>
  <dt>d</dt>
  <data>
    4.5998286713977959e+03 0. 2.4953788821405756e+03 0.
    4.5999498884798249e+03 1.8541788603075920e+03 0. 0. 1.</data></camera_matrix>
<camera_distortion type_id="opencv-matrix">
  <rows>1</rows>
  <cols>5</cols>
  <dt>d</dt>
  <data>
    -1.5455592248524244e-01 1.1604843314301858e-01
    4.4378340412092251e-03 -8.5194290566717652e-04
    8.5310897983832817e-03</data></camera_distortion>
<rvecs type_id="opencv-matrix">
  <rows>29</rows>
  <cols>1</cols>
  <dt>"3d"</dt>
  <data>
    -2.9906711206151376e-01 7.0062520824363900e-02
    -2.4923117824155394e+00 -6.7780802985146982e-01
    -6.7874040448945558e-02 2.6362567742542726e+00
    -1.2089918934962453e-02 -1.9126264513031212e-02
    -2.3525298101059033e+00 -1.2216347594303272e-02
    2.4455019827875117e-02 -2.3586461217429435e+00
    7.1332677961868440e-01 5.4062363860081575e-01 2.9415482645670816e+00
    -7.0921726798448947e-01 2.9366301515273276e-02
    -2.3227148849822057e+00 1.8931447208927143e-02
    -6.8409254458434710e-02 3.1111754161453540e+00
    1.3647893188905066e-01 -1.7670063347658516e-02
    2.5623801785420892e+00 2.8608250177135075e-01 1.1733907274865221e-01
    -1.9370287343790578e+00 6.7023174109535877e-01
    1.1070548458857442e-01 -2.9282081953748179e-01
    -7.9576186107578351e-01 4.0797164236524136e-01
    -1.4243904541381482e+00 -2.4181433082076420e-01
    3.7058537303776690e-01 -2.9023785298361798e-01
    2.7728538908034780e-02 5.0368548141166321e-02
    -6.7875920024693129e-02 -7.0179264256151042e-01
    6.1503358557454746e-01 -9.4594329944497568e-01
    -7.2926199258247082e-01 7.1433652112661339e-01
    -7.0924874265206872e-01 -4.9585285153178804e-01
    2.0919714011148091e-01 -9.1458095798476491e-01
    -1.4891122196279841e-02 7.9764095062345289e-02
    3.1330185966071116e+00 7.8481268248560512e-02 1.1236363111757592e+00
    -2.8872250175741585e+00 -1.9140490303222735e-01
    6.0856011932811294e-01 -2.2780677123749395e+00
    -2.4039365296096599e-01 -2.3006511810871441e-01
    -1.5381916861528393e+00 -1.0041292233484029e+00
    4.1016686097018729e-01 -1.4141180825592876e+00
    -3.6912503318856726e-01 2.9367778254201754e-01
    -1.0848299972977113e+00 -1.5635861164342717e-02
    -3.1117699030182990e-02 1.5174556290797905e+00
    5.5114680103246036e-02 -4.9239502614550172e-02
    9.1155144336522875e-01 -2.5528342178549662e-01
    7.3911535410274276e-01 4.8418781242947978e-01
    -3.8852341122503553e-01 9.2151790733362174e-02
    3.9759534077164461e-02 -4.6722934825061641e-01
    -2.4986214032794299e-01 -4.0112842440281050e-02
    -5.0513026491099644e-01 5.5447696102014288e-01
    1.5686844674610703e-01 -4.4761238295650208e-01
    -5.6272473181033171e-02 4.6210588594481511e-01</data></rvecs>
<tvecs type_id="opencv-matrix">
  <rows>29</rows>
  <cols>1</cols>
  <dt>"3d"</dt>
  <data>
    2.7041155170987739e+01 8.3885504989042783e+00 1.9766114419675137e+02
    -3.0834314401757201e+01 -3.0137185374231192e+00
    1.7936358575845068e+02 -1.0128123330306198e+00
    2.4710706231940218e+01 2.1746668834998522e+02
    -3.0570906046326896e-03 2.3765117876451878e+01
    2.6681959776089388e+02 6.6544758280390781e+01 1.1099370540929947e+01
    2.6408431283049924e+02 9.3731397061831075e+01 6.0434129729280343e+01
    2.6398648600679218e+02 -1.3665813949141156e+02
    1.1120681484803106e+02 4.0526252934053650e+02
    -7.9563213215672192e+01 2.1729997609896511e+01
    3.9803435689306031e+02 -5.8185981358529844e+01
    -4.0476524549021924e+01 3.7778519965023685e+02
    -5.7499180537793988e+00 -1.1319898364772102e+02
    3.8006223757627379e+02 1.0917040429498647e+02 7.5731128420081104e+00
    3.7367415855865727e+02 1.4926036344077255e+02 8.0542741462073515e+00
    3.9659840166995150e+02 1.6013903336058610e+02 9.7187099002121883e+01
    4.1052737647701707e+02 1.1797635114806070e+02 4.2008643996180140e+01
    3.0973677447344181e+02 5.5864491989848986e+01 1.3276573138884141e+01
    2.0235241695347449e+02 -1.7563643008110709e+01
    1.3004539055728493e+01 2.4459823115670326e+02 1.8701387970331933e+02
    -1.1778013284205900e+02 4.0981974336344501e+02
    1.8286814223573916e+02 -1.1634311266369210e+02
    4.0145580422485182e+02 1.7423259157609311e+02
    -6.9375110885523895e+01 4.0487507201575329e+02
    1.3271550107121001e+02 -9.5191663960045254e+00
    3.9316681945799945e+02 9.6340446730023231e+01 9.7777022035400951e-01
    2.8593539354594139e+02 5.3853051315163043e+01 9.9297669932841082e+00
    2.6403190657901069e+02 3.0979423719766044e+00
    -1.2173488380590118e+01 1.5605852447677904e+02
    -2.0848161530152463e+00 -3.4330617697732407e+01
    1.5345676666250256e+02 2.4407519870136287e+01 2.0545655064803046e+00
    2.6632285716701864e+02 2.0500669790225770e+00
    -8.7474844919104015e+01 2.6710248313036556e+02
    -4.9062529626617206e+01 -8.6542110919436027e+01
    3.1504518794786469e+02 6.8569550497277319e+01
    -8.5219877716036038e+01 3.0374015357629145e+02
    -1.5697264006719967e+01 -4.1140117865698500e+01
    2.8967057333862255e+02</data></tvecs>
</opencv_storage>
