<?xml version="1.0"?>
<opencv_storage>
<WallCorners type_id="opencv-matrix">
  <rows>4</rows>
  <cols>1</cols>
  <dt>"2f"</dt>
  <data>
    356. 278. 4822. 308. 4827. 3218. 356. 3246.</data></WallCorners>
 <!-- resumed -->

<LocalLowHighVP0 type_id="opencv-matrix">
  <rows>2</rows>
  <cols>1</cols>
  <dt>"2f"</dt>
  <data>
    -1.77777779e+00 6.19945228e-01 -5.11553884e-01 1.</data></LocalLowHighVP0>
 <!-- resumed -->

<quad_corners0 type_id="opencv-matrix">
  <rows>4</rows>
  <cols>1</cols>
  <dt>"2f"</dt>
  <data>
    8.51071719e-03 6.24956787e-01 1.00401998e+00 5.90209723e-01
    1.00999367e+00 -1.87471136e-02 1.72153823e-02 -3.21935251e-04</data></quad_corners0>
 <!-- resumed -->

<TexCoordinates0 type_id="opencv-matrix">
  <rows>4</rows>
  <cols>1</cols>
  <dt>"3f"</dt>
  <data>
    0. 0. 2.02407217e+00 1.97152019e+00 0. 1.97152019e+00 1.97649360e+00
    1.97649360e+00 1.97649360e+00 0. 2.02931452e+00 2.02931452e+00</data></TexCoordinates0>
 <!-- resumed -->

<LocalLowHighVP1 type_id="opencv-matrix">
  <rows>2</rows>
  <cols>1</cols>
  <dt>"2f"</dt>
  <data>
    -1.77777779e+00 8.71914998e-02 -4.96148050e-01 7.31301486e-01</data></LocalLowHighVP1>
 <!-- resumed -->

<quad_corners1 type_id="opencv-matrix">
  <rows>4</rows>
  <cols>1</cols>
  <dt>"2f"</dt>
  <data>
    3.34400148e-03 1.03806925e+00 1. 1. 1.00943696e+00 -1.70790925e-04
    9.79684759e-03 -1.62669505e-06</data></quad_corners1>
 <!-- resumed -->

<TexCoordinates1 type_id="opencv-matrix">
  <rows>4</rows>
  <cols>1</cols>
  <dt>"3f"</dt>
  <data>
    0. 0. 2.04137588e+00 1.96660268e+00 0. 1.96660268e+00 1.96026814e+00
    1.96026814e+00 1.96026814e+00 0. 2.03455138e+00 2.03455138e+00</data></TexCoordinates1>
 <!-- resumed -->

<LocalLowHighVP2 type_id="opencv-matrix">
  <rows>2</rows>
  <cols>1</cols>
  <dt>"2f"</dt>
  <data>
    -1.77777779e+00 -4.69060719e-01 -4.99909282e-01 1.81802452e-01</data></LocalLowHighVP2>
 <!-- resumed -->

<quad_corners2 type_id="opencv-matrix">
  <rows>4</rows>
  <cols>1</cols>
  <dt>"2f"</dt>
  <data>
    1.12855611e-02 1.01907861e+00 1. 1. 1.00401998e+00 8.37378248e-05
    7.31300982e-03 -2.06833091e-02</data></quad_corners2>
 <!-- resumed -->

<TexCoordinates2 type_id="opencv-matrix">
  <rows>4</rows>
  <cols>1</cols>
  <dt>"3f"</dt>
  <data>
    0. 0. 2.04825282e+00 1.96946180e+00 0. 1.96946180e+00 1.95396841e+00
    1.95396841e+00 1.95396841e+00 0. 2.03150010e+00 2.03150010e+00</data></TexCoordinates2>
 <!-- resumed -->

<LocalLowHighVP3 type_id="opencv-matrix">
  <rows>2</rows>
  <cols>1</cols>
  <dt>"2f"</dt>
  <data>
    -1.77777779e+00 -1. -4.24792439e-01 -3.48661005e-01</data></LocalLowHighVP3>
 <!-- resumed -->

<quad_corners3 type_id="opencv-matrix">
  <rows>4</rows>
  <cols>1</cols>
  <dt>"2f"</dt>
  <data>
    1.00682788e-02 1.00009000e+00 1.00823402e+00 1.00901890e+00
    1.00036681e+00 4.49505560e-02 3.91312921e-03 4.73432289e-03</data></quad_corners3>
 <!-- resumed -->

<TexCoordinates3 type_id="opencv-matrix">
  <rows>4</rows>
  <cols>1</cols>
  <dt>"3f"</dt>
  <data>
    0. 0. 2.03050065e+00 1.96664071e+00 0. 1.96664071e+00 1.97040224e+00
    1.97040224e+00 1.97040224e+00 0. 2.03451061e+00 2.03451061e+00</data></TexCoordinates3>
 <!-- resumed -->

<LocalLowHighVP4 type_id="opencv-matrix">
  <rows>2</rows>
  <cols>1</cols>
  <dt>"2f"</dt>
  <data>
    -6.53575242e-01 6.61624968e-01 6.37480319e-01 1.</data></LocalLowHighVP4>
 <!-- resumed -->

<quad_corners4 type_id="opencv-matrix">
  <rows>4</rows>
  <cols>1</cols>
  <dt>"2f"</dt>
  <data>
    -6.21658517e-04 5.55360794e-01 1.00182652e+00 5.50110161e-01
    9.99987662e-01 -3.71052627e-03 1.11101204e-15 4.44404836e-16</data></quad_corners4>
 <!-- resumed -->

<TexCoordinates4 type_id="opencv-matrix">
  <rows>4</rows>
  <cols>1</cols>
  <dt>"3f"</dt>
  <data>
    0. 0. 2.00029802e+00 1.99479711e+00 0. 1.99479711e+00 1.99970222e+00
    1.99970222e+00 1.99970222e+00 0. 2.00522995e+00 2.00522995e+00</data></TexCoordinates4>
 <!-- resumed -->

<LocalLowHighVP5 type_id="opencv-matrix">
  <rows>2</rows>
  <cols>1</cols>
  <dt>"2f"</dt>
  <data>
    -6.91326439e-01 9.04966593e-02 6.86056435e-01 7.52546549e-01</data></LocalLowHighVP5>
 <!-- resumed -->

<quad_corners5 type_id="opencv-matrix">
  <rows>4</rows>
  <cols>1</cols>
  <dt>"2f"</dt>
  <data>
    -1.93414721e-03 1.00099683e+00 1. 1. 1.00000882e+00 2.83536536e-08
    3.46042293e-06 -1.77448080e-03</data></quad_corners5>
 <!-- resumed -->

<TexCoordinates5 type_id="opencv-matrix">
  <rows>4</rows>
  <cols>1</cols>
  <dt>"3f"</dt>
  <data>
    0. 0. 2.00084448e+00 1.99531829e+00 0. 1.99531829e+00 1.99915612e+00
    1.99915612e+00 1.99915612e+00 0. 2.00470376e+00 2.00470376e+00</data></TexCoordinates5>
 <!-- resumed -->

<LocalLowHighVP6 type_id="opencv-matrix">
  <rows>2</rows>
  <cols>1</cols>
  <dt>"2f"</dt>
  <data>
    -6.82197154e-01 -4.66471612e-01 6.72360122e-01 1.89046487e-01</data></LocalLowHighVP6>
 <!-- resumed -->

<quad_corners6 type_id="opencv-matrix">
  <rows>4</rows>
  <cols>1</cols>
  <dt>"2f"</dt>
  <data>
    4.50675844e-16 1. 9.99993324e-01 1.00102830e+00 1.00648296e+00
    3.07914524e-05 -1.04953453e-03 -4.75671608e-03</data></quad_corners6>
 <!-- resumed -->

<TexCoordinates6 type_id="opencv-matrix">
  <rows>4</rows>
  <cols>1</cols>
  <dt>"3f"</dt>
  <data>
    0. 0. 2.01131129e+00 2.00380158e+00 0. 2.00380158e+00 1.98881531e+00
    1.98881531e+00 1.98881531e+00 0. 1.99621272e+00 1.99621272e+00</data></TexCoordinates6>
 <!-- resumed -->

<LocalLowHighVP7 type_id="opencv-matrix">
  <rows>2</rows>
  <cols>1</cols>
  <dt>"2f"</dt>
  <data>
    -6.56915426e-01 -1. 7.19617605e-01 -3.91063094e-01</data></LocalLowHighVP7>
 <!-- resumed -->

<quad_corners7 type_id="opencv-matrix">
  <rows>4</rows>
  <cols>1</cols>
  <dt>"2f"</dt>
  <data>
    8.32698503e-16 1. 9.99901950e-01 1.00623918e+00 1.01488078e+00
    5.26353642e-02 -8.94366577e-03 4.98189069e-02</data></quad_corners7>
 <!-- resumed -->

<TexCoordinates7 type_id="opencv-matrix">
  <rows>4</rows>
  <cols>1</cols>
  <dt>"3f"</dt>
  <data>
    0. 0. 2.02012348e+00 2.02771807e+00 0. 2.02771807e+00 1.98027349e+00
    1.98027349e+00 1.98027349e+00 0. 1.97302938e+00 1.97302938e+00</data></TexCoordinates7>
 <!-- resumed -->

<LocalLowHighVP8 type_id="opencv-matrix">
  <rows>2</rows>
  <cols>1</cols>
  <dt>"2f"</dt>
  <data>
    4.37350035e-01 6.46991909e-01 1.77777779e+00 1.</data></LocalLowHighVP8>
 <!-- resumed -->

<quad_corners8 type_id="opencv-matrix">
  <rows>4</rows>
  <cols>1</cols>
  <dt>"2f"</dt>
  <data>
    -4.01890092e-03 5.06695688e-01 9.93687749e-01 5.49705207e-01
    9.89119470e-01 -3.10735544e-04 -8.38118419e-03 -2.87936218e-02</data></quad_corners8>
 <!-- resumed -->

<TexCoordinates8 type_id="opencv-matrix">
  <rows>4</rows>
  <cols>1</cols>
  <dt>"3f"</dt>
  <data>
    0. 0. 1.97350979e+00 2.02703285e+00 0. 2.02703285e+00 2.02721095e+00
    2.02721095e+00 2.02721095e+00 0. 1.97367847e+00 1.97367847e+00</data></TexCoordinates8>
 <!-- resumed -->

<LocalLowHighVP9 type_id="opencv-matrix">
  <rows>2</rows>
  <cols>1</cols>
  <dt>"2f"</dt>
  <data>
    4.73750889e-01 9.92019549e-02 1.77777779e+00 7.58568466e-01</data></LocalLowHighVP9>
 <!-- resumed -->

<quad_corners9 type_id="opencv-matrix">
  <rows>4</rows>
  <cols>1</cols>
  <dt>"2f"</dt>
  <data>
    -7.11809961e-16 1. 9.88412023e-01 1.02981770e+00 9.83671904e-01
    -4.34140529e-05 -8.69611464e-03 -2.67915404e-03</data></quad_corners9>
 <!-- resumed -->

<TexCoordinates9 type_id="opencv-matrix">
  <rows>4</rows>
  <cols>1</cols>
  <dt>"3f"</dt>
  <data>
    0. 0. 1.97761619e+00 2.03147721e+00 0. 2.03147721e+00 2.02289653e+00
    2.02289653e+00 2.02289653e+00 0. 1.96948326e+00 1.96948326e+00</data></TexCoordinates9>
 <!-- resumed -->

<LocalLowHighVP10 type_id="opencv-matrix">
  <rows>2</rows>
  <cols>1</cols>
  <dt>"2f"</dt>
  <data>
    5.04616320e-01 -4.57775414e-01 1.77777779e+00 1.91516757e-01</data></LocalLowHighVP10>
 <!-- resumed -->

